214
18
534
627
836
777
494
341
280
592
564
47
370
348
230
771
158
391
674
230
882
118
477
205
160
423
33
514
137
707
836
149
158
312
950
821
460
897
879
450
185
609
81
788
285
301
556
347
758
99
384
349
832
808
898
296
66
894
765
50
880
68
439
687
127
146
657
242
61
53
95
474
877
110
432
558
976
458
206
752
608
916
579
135
131
513
679
536
868
188
100
601
221
705
334
359
869
935
431
793
731
158
633
179
569
939
636
152
511
537
232
150
606
960
241
451
163
511
134
830
871
968
308
804
347
47
182
322
485
182
198
655
211
451
578
753
466
146
433
652
49
569
640
343
299
28
807
907
512
920
219
405
266
577
215
938
238
995
589
955
551
996
969
1
616
587
114
430
602
305
27
635
591
350
313
214
688
170
145
880
986
596
542
193
774
775
834
12
299
165
524
240
241
513
993
433
224
317
694
118
127
81
819
721
188
853
881
969
287
160
674
375
430
833
485
282
111
843
563
427
451
950
834
801
425
529
624
933
523
126
982
720
135
137
673
669
589
917
533
67
794
940
522
793
304
752
110
699
664
970
686
990
794
476
345
410
48
524
429
924
481
319
632
461
508
941
312
870
76
270
944
77
223
908
158
308
862
408
135
380
239
884
926
890
927
443
107
470
824
248
234
981
466
497
818
361
559
753
3
122
181
550
804
884
659
541
96
292
786
502
512
836
917
565
382
1
728
630
347
172
759
218
1
504
19
152
325
964
988
995
825
342
364
293
863
378
625
270
248
358
447
901
948
318
370
649
758
420
888
602
633
984
985
311
703
397
47
739
364
554
762
728
42
958
513
567
414
947
17
415
479
984
58
649
199
522
589
825
626
549
245
33
385
192
934
286
524
982
318
683
249
58
769
217
579
392
778
224
57
786
439
216
388
107
643
473
694
66
861
335
754
767
297
272
735
246
197
433
351
807
673
775
376
447
993
813
425
856
337
187
142
670
639
854
752
728
992
266
451
223
547
724
380
20
278
441
404
67
966
642
415
701
823
635
395
568
189
862
648
906
756
215
996
423
128
240
28
915
645
721
279
634
322
474
188
944
745
266
288
759
764
228
507
33
476
12
557
640
140
673
991
918
86
322
907
889
732
109
647
491
41
855
732
241
862
75
546
620
208
753
575
771
778
99
256
502
179
761
794
374
362
1
207
620
207
822
185
466
952
122
977
317
964
67
211
736
510
455
503
83
898
856
167
142
876
656
556
990
231
246
40
478
398
301
318
148
204
390
484
970
532
157
688
49
286
547
415
891
502
93
728
742
602
775
72
133
549
651
219
663
423
83
74
482
53
807
602
819
781
994
488
19
290
657
221
564
351
601
319
437
779
760
117
827
185
240
609
912
475
960
828
853
938
280
147
807
779
770
879
25
402
140
594
230
469
182
428
519
471
614
846
177
726
742
145
710
435
378
872
301
85
839
844
142
388
492
217
431
540
616
946
977
659
93
876
37
212
970
372
89
14
702
699
731
512
235
992
585
381
407
129
610
488
807
301
278
257
376
966
346
575
558
951
485
758
829
92
812
559
398
397
170
355
121
491
595
958
855
993
954
598
291
96
61
980
80
115
147
323
336
352
387
793
967
707
552
309
588
610
375
528
789
160
106
720
89
431
782
569
370
8
507
430
582
247
21
507
963
710
82
858
909
32
951
91
158
378
701
274
853
46
432
592
269
681
365
337
715
637
601
433
87
756
583
926
601
39
219
840
792
345
812
179
415
404
37
545
289
158
126
285
455
638
935
294
569
8
227
546
191
743
919
994
594
346
227
780
248
209
356
67
284
244
834
184
809
752
305
871
404
866
517
259
791
203
603
511
488
870
91
326
300
450
507
443
797
759
985
676
124
790
331
908
491
977
41
932
812
39
648
551
305
313
317
826
402
841
597
96
460
482
356
813
905
452
240
868
69
336
18
908
661
805
925
567
141
923
159
528
638
726
246
627
653
251
754
566
295
690
178
453
208
359
448
855
978
671
311
955
940
751
464
974
991
936
70
759
413
967
472
901
844
834
424
741
847
32
780
109
560
522
927
777
648
810
764
188
197
576
254
430
380
211
37
213
352
922
197
847
552
808
239
66
380
529
255
731
480
354
286
748
810
391
112
787
72
448
394
738
878
512
901
554
664
893
119
469
172
143
91
673
466
248
688
250
215
643
729
446
521
778
542
772
960
243
973
656
233
542
107
402
98
893
945
885
514
414
244
12
918
26
595
224
150
151
302
448
689
888
924
913
774
297
300
443
284
824
840
32
466
361
963
155
321
806
593
627
451
256
995
112
802
53
918
411
995
423
744
37
725
732
755
700
780
951
724
496
249
244
805
520
345
887
804
789
150
249
319
416
6
411
554
460
386
659
369
841
519
261
894
474
795
744
725
684
270
428
192
125
934
429
113
695
711
688
786
835
804
397
164
699
537
52
381
744
798
840
392
311
683
64
90
168
536
136
317
786
743
842
962
955
679
740
55
670
507
534
855
340
447
96
714
626
387
322
69
784
463
59
907
429
516
956
747
997
524
329
633
645
915
155
744
325
135
272
464
538
165
396
139
67
996
858
382
959
695
236
435
71
714
409
575
981
704
781
139
844
597
400
610
645
574
77
785
896
213
396
996
611
238
790
675
129
921
639
652
447
167
194
544
128
462
8
604
739
583
40
510
381
789
397
686
679
354
100
448
674
69
908
440
675
802
38
875
636
859
816
235
1
115
348
466
512
735
265
453
546
627
894
510
531
592
443
624
856
780
820
471
862
852
77
886
341
923
862
228
385
533
665
212
561
632
834
125
969
608
760
277
110
595
789
11
705
828
427
755
93
189
490
280
532
280
550
570
927
536
826
457
197
450
645
478
101
65
95
588
251
486
141
241
233
94
558
895
239
211
454
378
522
235
327
472
868
784
183
574
342
511
605
727
129
250
34
39
203
416
169
606
592
341
698
135
310
594
221
140
537
927
508
242
897
873
299
844
932
930
111
601
640
317
578
607
52
974
894
734
85
973
906
261
342
691
91
139
13
85
868
558
806
515
372
789
544
42
57
855
520
899
686
396
615
158
918
764
981
496
161
697
65
722
951
51
786
272
483
967
343
255
764
900
250
190
11
101
757
994
722
542
121
178
957
815
441
448
417
107
549
533
851
290
506
552
890
801
785
738
187
856
842
899
535
887
989
512
59
633
812
469
745
793
43
999
562
2
926
628
140
278
956
406
398
466
775
337
343
95
965
875
395
294
683
958
731
911
115
776
768
464
78
673
571
816
830
188
29
222
567
191
868
646
362
816
514
367
217
762
533
918
708
136
899
23
621
755
940
617
914
828
115
97
948
596
493
526
609
488
881
679
36
267
213
280
325
704
521
188
510
109
578
248
999
766
305
627
853
323
807
746
496
938
791
112
414
758
230
566
723
919
678
69
493
878
150
471
876
407
773
558
430
549
816
689
871
543
869
734
736
77
417
816
253
197
414
261
687
878
315
126
295
834
304
273
135
480
62
647
178
981
639
663
814
675
219
819
677
153
4
395
60
138
312
483
581
79
445
888
83
653
910
536
928
413
428
625
1000
624
544
926
229
623
486
1
494
863
177
788
234
157
602
104
484
202
739
324
352
551
524
829
711
221
412
828
126
621
59
180
177
845
540
633
246
129
715
220
831
975
816
23
632
505
795
477
441
475
312
920
967
937
608
22
580
275
357
394
777
997
642
160
884
873
294
327
684
760
182
464
442
219
972
624
387
106
205
260
139
603
32
470
734
39
85
480
269
833
894
326
262
237
837
650
157
559
129
361
748
501
804
222
739
836
633
398
414
552
405
698
236
92
242
124
835
690
976
918
405
551
848
691
270
227
80
619
312
289
28
726
803
186
790
586
142
52
312
349
745
535
336
765
538
236
492
807
939
569
579
987
914
212
775
851
254
537
98
784
654
76
417
190
648
365
692
688
365
921
54
237
553
856
427
646
699
766
28
202
371
286
875
772
806
761
56
538
598
125
628
841
246
105
787
838
791
282
180
633
107
546
152
105
431
654
523
949
45
487
894
679
921
898
48
547
377
55
320
816
440
148
95
481
71
150
44
750
62
578
455
171
770
858
114
937
641
935
681
847
248
865
590
293
659
595
103
498
806
732
718
120
353
602
890
827
615
967
162
881
995
200
669
701
497
847
133
427
397
302
356
882
421
893
447
22
479
984
211
693
896
143
667
113
984
495
750
326
446
578
14
227
95
598
942
508
954
859
114
284
710
522
938
163
56
224
304
894
454
514
609
696
594
858
29
249
905
718
684
542
555
321
549
166
552
461
1
398
760
753
709
383
329
601
829
647
820
399
60
633
580
971
497
207
409
231
676
792
362
412
399
310
78
879
687
616
878
695
292
285
540
102
711
811
511
5
435
949
375
931
515
341
657
988
481
803
302
816
280
27
594
595
107
669
541
48
309
221
580
548
130
790
66
783
364
936
328
390
286
94
429
633
295
110
708
486
5
810
813
678
270
193
379
599
773
855
590
420
977
997
973
774
157
943
946
35
498
683
20
602
174
784
912
190
748
918
258
860
429
862
407
435
854
692
243
182
491
313
98
155
802
126
74
11
964
272
819
149
463
622
500
292
833
524
434
195
582
694
189
883
804
32
997
137
252
664
90
376
129
669
908
40
112
662
190
277
494
483
886
283
805
593
763
886
584
885
539
873
254
125
478
659
988
16
707
39
141
707
721
642
763
297
844
397
15
693
413
493
57
633
470
587
83
260
823
90
323
504
594
312
282
440
59
2
143
823
439
20
704
86
808
962
745
972
292
680
943
132
566
677
636
416
761
859
621
510
613
916
836
764
557
335
569
97
325
47
943
80
522
401
999
467
77
46
130
468
654
97
303
431
365
523
463
654
13
597
619
567
314
150
52
489
724
671
422
666
984
136
936
666
976
45
390
283
32
863
957
799
272
963
445
544
687
101
606
810
315
829
520
427
828
240
241
154
243
82
617
285
14
952
612
160
928
625
204
195
242
180
384
313
551
521
389
429
874
7
13
909
192
698
648
102
317
206
174
652
373
90
217
815
441
664
158
869
130
929
421
109
395
184
544
683
517
292
922
948
916
793
330
462
14
666
144
637
919
156
680
196
756
292
971
89
405
98
997
99
863
487
903
612
330
254
352
335
944
168
97
58
211
649
901
921
193
907
600
876
758
534
497
923
165
779
144
492
110
947
853
198
929
442
341
328
558
543
606
194
103
540
163
157
814
599
496
581
758
551
784
359
910
880
575
145
125
138
636
135
90
290
997
482
643
242
755
111
947
468
73
185
585
835
712
350
131
925
14
672
785
476
321
973
464
394
858
68
846
246
859
941
971
246
760
832
278
234
461
395
512
656
23
111
959
982
996
398
776
986
909
96
208
430
98
101
769
713
827
724
305
160
307
792
328
874
812
845
407
70
96
525
87
468
503
417
105
193
157
990
867
880
654
854
247
352
433
603
128
810
550
743
436
248
238
17
439
204
950
293
327
751
725
767
683
897
713
302
489
342
646
311
964
623
26
109
560
906
176
550
878
188
241
962
801
255
502
686
205
192
28
261
397
834
380
783
398
234
764
848
196
769
826
994
208
517
288
946
54
97
375
168
881
507
68
765
648
562
262
921
461
717
319
722
719
920
802
27
733
893
199
258
507
387
906
303
216
194
564
406
299
340
663
295
339
810
105
508
745
717
838
258
177
574
252
54
191
829
253
321
686
634
876
941
524
593
695
781
333
744
327
148
173
961
319
333
515
780
324
139
459
268
951
265
842
123
487
823
531
513
372
372
928
296
555
961
255
90
494
607
617
963
668
151
975
309
854
802
976
909
412
211
195
52
686
120
666
245
380
303
975
772
52
975
126
627
62
163
907
544
117
964
585
390
844
987
445
207
365
519
579
711
364
899
236
200
217
297
107
840
996
385
410
412
299
890
687
902
870
955
294
65
658
61
59
318
912
118
109
675
388
532
886
124
516
365
570
56
712
168
303
183
717
647
309
57
646
821
163
877
111
850
754
240
985
789
475
521
134
85
6
906
448
779
780
270
433
27
597
48
634
12
357
230
886
570
704
937
164
8
696
178
679
38
501
421
282
829
528
481
876
846
82
675
920
96
135
867
405
569
748
638
521
302
942
262
672
128
821
86
357
893
560
35
419
186
741
848
728
988
119
36
290
446
854
564
567
921
974
978
183
324
181
514
425
12
534
139
157
857
452
257
317
142
449
401
392
321
118
932
968
324
933
590
991
34
848
246
883
767
187
669
454
72
961
472
731
538
533
354
268
447
481
311
82
37
149
524
210
576
828
30
342
256
962
452
380
563
558
608
321
996
667
981
175
13
466
14
383
888
806
80
897
672
124
809
654
899
549
294
870
360
14
817
630
981
69
67
195
653
622
637
316
421
712
901
735
866
774
79
639
391
74
635
406
900
693
769
690
986
153
365
244
443
148
140
756
204
596
173
297
838
376
498
796
688
593
55
237
881
155
174
42
449
562
532
327
310
688
574
605
297
689
439
622
297
398
364
162
392
870
331
941
572
605
338
411
449
156
806
6
278
364
622
987
125
920
390
916
74
760
701
137
708
727
472
591
67
248
248
167
578
731
839
94
729
578
397
444
680
260
878
919
457
759
376
227
998
354
286
578
720
844
401
151
719
974
844
802
234
769
511
245
327
166
378
906
475
298
917
700
160
375
3
252
167
912
610
604
332
896
558
760
470
188
909
31
756
680
322
444
297
245
294
375
512
242
532
491
943
475
844
920
645
2
588
502
756
962
178
7
707
15
603
16
311
121
198
665
732
193
819
200
973
299
159
773
364
47
346
595
59
821
66
196
105
524
959
956
235
732
924
583
606
915
400
479
777
789
464
628
132
238
638
352
132
966
926
214
693
349
510
490
805
447
101
671
496
634
102
337
847
653
781
692
411
981
729
231
13
845
970
279
367
949
339
421
418
939
354
455
195
469
662
235
608
885
545
850
514
5
205
59
332
574
7
797
268
245
372
844
996
140
646
671
893
479
577
160
241
39
638
541
498
899
95
849
818
357
347
189
656
410
631
674
302
193
478
650
224
371
392
352
215
184
946
141
903
188
243
45
111
275
360
74
960
685
629
143
354
844
18
858
749
945
402
998
40
903
796
423
343
86
922
575
916
256
359
268
982
362
401
770
298
382
380
755
129
617
466
495
27
159
617
242
663
498
93
772
199
830
831
87
270
425
370
764
795
949
786
334
812
589
240
524
62
378
328
877
781
398
452
750
561
44
732
972
86
316
794
837
268
674
500
264
153
218
236
574
707
797
838
168
583
451
500
665
108
841
688
197
714
240
684
392
149
106
633
907
80
520
232
275
557
333
16
205
783
418
728
556
507
542
258
36
422
308
251
363
16
20
309
117
301
607
225
321
794
330
394
851
278
715
365
874
199
202
954
776
157
224
868
446
313
829
442
428
588
559
396
442
820
478
570
363
360
1000
34
960
943
297
361
612
314
738
498
186
466
184
772
35
264
864
348
112
595
335
717
698
523
646
21
849
944
304
639
612
826
480
5
142
311
563
456
922
688
466
413
474
99
278
459
742
531
873
899
774
312
411
548
485
966
233
120
161
142
583
579
786
652
510
489
433
157
758
996
306
811
322
349
403
769
134
168
692
258
85
320
437
662
148
48
2
449
520
784
849
721
583
237
667
607
558
43
156
692
968
504
6
18
374
85
589
994
825
227
952
81
773
788
497
625
43
993
511
989
285
359
945
897
719
762
471
715
987
913
647
605
8
398
464
481
517
900
745
76
115
597
354
733
374
204
301
48
560
65
284
740
948
786
487
431
950
759
387
566
862
658
42
600
786
897
222
723
898
19
390
907
126
403
187
560
468
979
624
948
439
357
513
924
1
130
953
939
100
983
85
138
692
239
963
293
879
976
991
73
996
735
678
620
276
496
239
908
860
587
621
704
858
8
908
163
153
700
886
91
947
532
802
524
385
231
935
606
837
116
826
48
551
713
377
354
485
789
456
720
679
97
754
985
128
747
610
998
936
913
433
274
240
591
139
906
597
494
324
995
42
149
446
207
909
87
735
972
952
684
627
695
14
169
535
979
930
225
627
826
291
519
961
10
49
901
202
758
756
880
470
633
246
510
741
527
949
837
565
544
507
49
354
78
877
917
857
22
778
301
960
991
611
329
423
329
228
490
467
724
755
162
543
470
824
472
424
781
269
540
62
997
526
968
930
831
459
455
623
678
19
846
20
475
815
897
412
177
678
98
134
998
332
37
106
215
652
743
268
711
237
73
867
423
455
865
994
665
264
758
404
607
23
315
489
512
407
143
364
653
170
695
961
515
752
93
581
249
243
769
545
492
377
423
563
597
877
750
165
767
272
109
962
702
483
72
575
163
610
733
15
477
72
293
333
561
356
758
226
871
583
23
189
35
573
43
518
182
540
17
421
742
881
322
797
653
28
91
121
880
121
442
11
842
298
309
333
748
240
790
354
514
894
23
346
612
122
174
150
214
971
562
348
136
856
530
368
880
741
94
686
615
629
653
18
512
779
892
231
186
696
909
425
858
981
329
4
518
531
699
923
776
149
499
973
318
1000
764
968
717
81
211
811
974
108
621
115
740
834
643
574
640
592
882
263
620
111
777
942
344
426
545
264
592
847
707
345
624
810
275
197
659
1
801
39
777
410
606
974
402
249
696
532
160
680
506
89
457
33
268
167
764
655
355
722
917
346
857
927
202
94
774
60
936
282
343
716
278
390
377
597
333
224
508
910
289
129
468
934
233
165
922
807
646
865
720
928
754
314
508
572
587
229
185
792
888
740
402
997
111
370
703
700
369
971
586
726
408
369
197
631
827
781
153
592
445
813
444
735
166
637
348
695
997
633
620
791
625
752
725
225
796
125
536
64
439
728
80
808
438
946
740
672
762
460
888
473
563
336
264
21
906
483
251
724
939
930
442
723
675
627
251
914
289
545
437
490
949
580
647
651
288
444
508
749
769
139
675
346
801
655
686
689
753
607
368
950
325
890
373
778
593
899
587
188
80
832
728
731
209
45
893
938
9
577
711
335
413
153
51
677
667
301
266
216
525
778
784
313
416
755
272
995
722
115
769
291
919
394
79
730
128
403
624
332
577
101
455
15
360
529
159
662
617
73
300
752
593
278
834
853
524
253
792
50
495
114
727
808
267
895
185
788
821
233
917
880
682
917
3
263
806
291
939
386
188
632
431
549
448
457
392
953
277
281
158
805
987
428
769
653
852
343
312
93
34
330
797
962
790
964
844
411
668
821
679
100
411
930
330
521
705
714
382
127
514
392
450
501
232
784
949
757
778
662
832
179
201
907
639
381
579
277
882
196
62
683
280
579
705
729
253
509
465
860
439
927
832
592
880
87
488
745
273
122
281
940
55
832
539
622
213
45
880
806
712
22
159
559
78
125
873
280
956
238
591
898
437
878
975
810
523
469
867
446
959
381
582
413
214
825
832
103
374
230
590
309
43
216
242
173
199
687
752
2
724
55
721
320
629
759
73
433
253
586
291
723
275
265
547
830
148
20
267
791
293
884
484
447
324
210
687
173
390
872
933
713
566
532
813
865
909
719
517
880
157
901
912
299
731
967
857
464
615
918
336
51
205
125
803
668
280
837
16
417
839
122
956
681
510
639
734
980
875
398
656
389
866
383
743
838
101
191
930
37
39
717
660
819
954
772
294
601
336
345
421
191
196
360
996
112
606
330
610
68
271
93
411
253
659
181
844
452
238
237
1000
787
391
920
894
973
34
289
841
590
356
673
798
872
629
555
438
895
133
706
533
606
443
721
773
55
167
555
239
214
946
20
293
955
411
221
211
265
131
654
360
507
390
237
824
267
831
208
311
235
864
17
96
191
63
101
749
967
144
937
63
199
246
644
419
667
711
542
318
197
463
998
571
725
930
311
184
904
557
347
857
193
742
489
367
916
177
802
974
83
968
979
851
381
75
900
150
212
724
455
449
518
279
254
117
487
349
643
642
631
553
939
939
607
615
104
684
163
616
65
583
699
218
277
81
607
992
910
959
779
208
230
783
303
897
386
212
327
944
784
499
23
522
431
16
521
302
392
60
483
297
627
624
342
569
302
791
614
536
596
649
921
969
715
567
182
310
320
739
874
226
567
251
871
919
411
581
746
934
903
90
214
38
292
848
855
963
320
166
685
797
337
657
288
846
304
623
676
218
322
339
487
274
160
704
337
537
320
470
939
478
120
478
31
115
577
865
551
740
490
308
250
176
367
174
777
861
482
545
156
141
640
112
800
641
548
303
656
946
970
209
15
277
699
501
675
522
663
278
939
619
725
840
432
96
285
923
881
950
440
9
297
226
411
916
934
50
12
346
268
961
207
863
158
226
667
589
849
670
892
560
264
540
314
722
465
541
952
911
404
216
366
48
496
260
531
368
963
89
231
340
329
605
335
181
674
624
405
910
339
552
33
909
476
252
612
219
486
584
483
812
495
787
826
871
583
374
339
90
740
963
366
558
748
614
583
852
206
354
72
154
110
950
972
482
988
346
790
243
852
8
832
159
663
422
971
58
871
694
11
706
25
283
159
654
59
134
876
110
119
414
443
753
338
811
514
510
780
204
865
748
331
294
286
953
565
501
133
788
537
605
177
954
229
93
225
417
961
191
199
199
392
54
623
998
679
299
77
995
966
327
192
556
765
67
908
649
518
683
623
801
735
260
149
900
829
641
132
806
483
923
116
787
649
436
340
725
154
372
267
633
638
104
600
387
255
311
777
192
56
459
641
983
863
47
804
444
551
311
996
159
323
428
882
463
526
721
523
509
196
769
378
549
424
565
590
423
18
409
650
928
273
324
970
286
744
650
548
252
626
125
988
367
144
426
440
484
463
958
196
402
723
646
266
697
277
196
940
856
73
795
858
461
513
294
575
180
360
838
24
864
445
206
489
917
25
637
703
722
515
170
425
490
81
462
400
13
221
190
338
476
605
883
750
830
876
945
531
858
852
301
689
553
712
744
657
127
724
487
794
303
205
41
315
484
10
205
898
390
296
356
148
123
553
331
18
803
381
408
910
496
625
604
633
316
619
855
630
929
983
363
463
596
997
293
396
114
992
757
264
480
371
871
571
683
128
231
506
582
575
483
314
965
747
267
74
690
612
512
768
939
1
864
278
60
123
497
96
870
856
649
609
351
802
41
427
940
181
264
56
300
75
531
392
706
20
331
506
906
949
889
954
662
226
193
208
36
899
837
633
336
753
849
879
906
109
766
67
134
808
949
789
723
442
292
186
132
278
856
589
237
236
872
143
775
69
974
214
210
86
529
659
708
95
844
228
698
744
283
11
326
550
703
851
456
672
824
336
719
530
543
623
185
172
365
588
311
653
973
712
199
330
992
270
497
107
363
259
46
505
508
392
931
308
15
212
201
937
746
938
265
666
218
41
348
177
384
250
55
93
737
95
681
301
664
972
786
344
639
262
741
646
411
233
875
483
892
667
153
580
994
433
325
344
543
3
912
649
756
336
413
623
512
728
564
826
807
164
178
428
875
653
936
659
972
762
151
3
724
825
228
757
450
344
768
703
284
303
991
561
828
627
633
721
923
142
406
385
632
644
730
481
666
292
993
31
27
809
794
359
517
958
436
341
405
701
552
744
853
281
762
607
604
544
876
333
270
438
385
448
296
783
506
283
907
61
127
933
375
44
109
732
200
1
391
810
951
935
353
850
914
806
641
623
733
969
603
483
237
986
807
767
50
572
837
682
306
587
64
638
721
139
429
152
746
800
968
400
939
630
387
155
738
496
343
505
567
821
562
216
773
704
977
44
388
367
277
806
246
722
626
380
879
301
587
822
627
349
823
703
216
801
583
422
790
686
204
466
849
98
800
633
872
678
312
648
568
771
954
28
320
596
623
841
264
744
517
239
995
490
942
936
412
534
914
5
721
555
790
793
612
918
484
89
562
527
920
983
193
404
362
203
398
499
231
317
446
931
853
860
508
140
73
899
801
86
660
617
685
536
552
475
526
986
761
37
926
56
414
323
876
995
647
274
758
18
547
939
425
381
566
27
863
452
313
828
216
932
556
385
116
688
563
918
244
116
442
74
906
759
400
91
613
191
466
808
430
985
392
925
208
633
436
584
944
109
523
165
87
759
691
85
999
64
607
679
827
153
624
839
272
408
439
434
786
202
886
905
230
164
585
962
999
38
615
493
216
897
734
207
164
174
700
995
566
775
423
940
312
496
216
550
78
270
51
357
731
179
764
437
480
75
458
666
503
749
376
31
418
403
839
548
69
411
425
351
456
765
390
52
913
458
36
926
273
912
943
283
666
242
799
154
16
175
525
999
703
228
167
592
677
488
982
342
482
848
759
983
432
605
330
540
861
469
377
793
837
112
337
146
141
915
493
221
145
808
553
489
962
623
45
801
447
340
678
651
311
124
122
415
838
18
82
544
736
333
926
11
332
278
399
21
851
575
694
158
956
849
102
667
951
248
795
359
551
87
181
316
414
523
927
317
236
106
961
90
596
690
148
895
913
125
455
472
811
608
80
128
172
308
63
80
19
115
882
631
651
430
381
635
669
660
368
22
388
558
78
435
560
513
120
130
638
78
184
624
275
307
837
190
352
168
288
823
15
311
667
735
185
509
489
701
785
693
121
612
203
798
327
397
401
653
901
349
814
687
809
207
863
162
780
508
845
711
855
765
177
338
420
375
86
157
953
528
402
927
949
653
641
696
500
721
304
537
193
477
582
741
280
291
976
29
314
262
243
408
774
59
840
665
638
591
908
620
645
816
455
285
176
440
919
205
624
530
294
167
457
412
836
149
217
111
600
935
669
990
26
704
778
776
288
417
433
235
669
696
421
619
921
755
902
52
332
477
212
425
573
784
338
115
133
341
205
152
1
250
204
644
868
642
826
648
368
231
298
666
768
640
721
703
523
897
57
652
869
747
411
599
68
664
680
256
809
373
197
265
690
596
677
300
928
369
401
903
824
934
887
421
603
742
400
350
447
969
309
607
28
216
732
419
486
160
341
486
835
479
199
248
560
429
433
965
927
257
212
588
879
381
467
22
81
259
252
62
37
366
32
41
19
353
658
336
352
944
756
105
243
920
101
21
738
923
293
313
354
769
458
625
790
742
217
324
833
191
494
916
294
791
256
540
305
623
715
275
256
848
855
966
2
939
637
953
841
568
806
609
496
416
219
663
540
422
168
745
846
134
664
318
130
908
137
488
648
886
216
884
124
905
777
715
599
423
324
116
967
406
94
788
347
773
543
395
711
993
643
484
8
40
298
863
16
374
798
38
154
125
306
620
974
471
514
891
862
894
396
386
578
283
601
793
305
165
329
580
596
411
962
25
745
505
736
233
128
62
816
268
451
92
641
337
214
865
14
819
374
600
326
48
548
894
255
180
204
161
21
583
612
117
883
799
747
397
889
727
926
563
914
883
396
152
560
345
247
756
875
642
545
278
857
406
194
44
57
451
645
874
943
922
901
208
800
512
862
604
974
438
243
740
216
164
171
332
709
211
656
958
261
802
547
368
368
529
703
232
645
349
629
411
822
522
216
616
646
191
801
38
299
906
181
635
291
119
448
354
977
55
876
603
920
431
328
801
36
73
426
155
163
318
932
463
928
199
957
5
67
353
614
479
544
919
976
343
442
922
693
665
814
868
874
984
787
503
739
685
997
832
812
439
671
711
907
628
212
486
224
694
184
47
20
618
29
920
214
903
365
92
751
337
72
588
269
412
199
13
870
492
799
564
487
655
964
798
29
596
296
498
837
540
434
101
306
131
371
937
763
399
539
29
912
927
435
377
194
843
428
288
314
783
703
776
722
463
668
325
320
710
460
356
876
914
893
652
697
16
201
588
741
168
708
663
111
664
328
146
246
321
875
114
351
637
776
229
334
834
867
978
9
539
43
712
741
742
738
112
645
714
388
692
543
756
242
184
782
103
911
133
892
893
123
652
82
826
731
77
277
758
583
905
386
554
34
75
205
565
988
23
744
553
664
901
123
540
589
390
929
436
829
906
423
447
426
953
960
102
902
738
732
859
742
531
10
845
13
468
349
626
101
500
21
842
772
159
558
907
972
647
575
870
28
388
140
339
338
69
34
23
761
492
481
769
46
866
135
70
33
760
357
933
79
725
627
223
25
779
701
414
635
680
817
897
865
778
924
84
42
371
555
847
118
872
756
352
304
915
636
6
645
126
466
586
515
622
993
666
554
306
319
830
234
273
69
872
549
970
492
883
208
168
182
507
210
627
57
808
393
672
401
321
215
970
779
884
233
946
406
102
950
248
73
674
475
96
852
433
304
169
771
372
910
46
873
117
230
562
62
650
145
563
430
467
540
808
108
101
726
529
518
842
393
922
301
566
641
164
835
14
673
294
461
649
163
5
70
820
390
73
941
134
144
738
32
626
75
44
75
573
663
416
349
36
146
342
857
715
102
657
107
60
217
636
123
448
36
449
27
287
507
85
504
605
557
580
121
389
514
936
462
599
562
973
305
768
326
968
779
213
662
472
386
387
901
716
188
315
159
735
456
460
65
394
898
53
875
585
453
555
938
757
325
754
576
80
532
157
479
512
355
675
528
190
836
448
354
648
579
41
148
145
98
575
208
339
196
407
313
384
834
512
174
151
329
19
189
237
679
564
870
964
237
29
144
230
115
969
694
234
897
906
486
290
595
265
242
242
397
101
524
782
769
23
749
687
547
499
410
4
523
134
219
637
33
426
991
164
917
48
75
487
750
735
159
431
218
644
611
55
50
587
150
445
542
94
558
234
505
467
250
500
948
536
401
945
272
253
974
776
530
646
115
307
247
613
931
945
485
801
341
797
986
124
359
318
4
754
404
848
893
882
872
95
694
371
994
163
556
357
589
350
911
864
137
141
808
592
172
956
391
863
783
76
68
759
831
511
228
320
285
84
135
579
726
300
975
815
808
207
801
199
604
799
416
716
42
512
571
947
241
658
524
348
834
516
625
343
260
929
805
844
756
877
891
442
200
400
977
341
125
743
359
673
814
750
745
810
941
951
9
626
195
714
465
278
132
182
147
954
973
489
805
436
647
557
941
881
701
705
358
375
808
454
636
207
541
639
699
553
246
620
146
122
64
412
395
19
964
628
63
79
414
342
60
832
479
581
253
855
948
726
645
915
241
888
36
784
231
109
285
168
936
59
772
504
682
61
339
997
705
993
286
373
497
789
364
599
186
404
843
511
368
613
630
72
217
369
441
973
60
761
41
839
6
629
13
400
163
65
29
770
458
659
11
776
462
434
35
149
851
679
193
762
940
67
579
946
107
967
207
262
577
227
526
476
899
442
371
711
591
786
432
59
864
101
164
930
601
55
164
388
46
92
839
651
720
518
314
720
21
29
827
797
787
408
2
899
982
2
558
548
178
377
876
22
799
80
880
29
190
480
233
548
343
388
593
766
310
648
711
375
592
601
42
120
610
412
967
90
635
822
610
623
333
919
795
330
210
852
347
839
743
543
368
853
388
382
666
10
491
491
919
874
922
784
185
40
583
295
236
374
206
306
272
118
668
642
828
960
244
495
269
321
71
238
361
359
134
43
189
516
310
895
667
704
794
889
963
385
85
370
876
624
318
325
908
11
43
566
425
471
823
558
158
24
242
215
45
884
305
702
616
824
697
151
552
702
81
547
145
377
943
656
426
638
171
640
664
191
885
859
672
743
491
876
627
55
80
519
958
130
659
979
462
811
210
223
382
783
514
833
138
290
221
71
416
886
170
66
374
462
47
480
804
484
114
999
609
854
916
791
366
902
328
980
681
273
662
62
790
299
719
617
145
961
864
881
79
460
487
480
50
658
157
238
150
986
321
821
962
726
874
399
640
755
500
267
853
581
801
836
523
958
368
443
806
825
943
128
341
572
694
204
350
173
400
696
655
928
453
26
696
383
14
780
817
971
173
629
167
455
823
368
836
442
433
588
715
986
574
997
205
551
661
141
845
262
748
950
566
248
301
227
725
604
503
527
206
869
98
567
410
347
282
14
838
443
173
330
745
657
734
115
761
227
557
335
667
608
925
778
829
433
550
293
229
618
201
467
337
542
259
5
703
381
368
569
180
292
399
91
89
590
329
894
795
552
620
983
569
727
106
811
443
838
776
451
958
181
752
427
652
360
55
798
343
467
223
888
489
990
74
458
251
389
185
601
173
807
10
631
231
356
298
559
435
492
977
907
116
65
978
74
979
118
164
50
295
110
319
815
156
115
554
766
910
911
829
399
805
631
633
102
237
881
977
286
585
538
858
187
183
762
134
785
704
927
981
595
349
847
243
243
552
683
79
990
246
18
563
246
772
913
536
995
178
822
358
919
250
797
759
288
330
792
26
30
520
223
130
807
618
878
909
998
502
161
838
922
986
277
422
323
586
643
468
837
603
35
542
627
318
323
498
462
571
39
176
174
669
250
551
694
25
579
696
350
688
33
758
715
315
829
769
76
517
772
976
148
844
371
453
224
192
666
513
409
495
579
662
223
833
511
578
880
381
875
968
968
533
110
199
635
447
99
919
66
300
16
230
413
622
143
415
881
887
105
772
134
78
637
658
271
365
556
705
112
6
263
750
211
935
2
732
842
20
780
73
919
659
951
155
622
628
997
945
723
602
208
989
987
493
723
445
164
987
300
921
72
85
994
322
701
921
13
222
657
199
831
127
981
573
55
98
980
365
305
922
153
815
996
232
216
550
335
811
848
781
340
410
278
658
440
956
948
873
806
568
101
411
260
208
752
457
292
535
73
827
395
583
172
323
536
141
327
260
722
380
209
338
488
888
937
384
217
130
832
5
61
538
592
349
404
811
103
463
319
185
145
246
318
281
615
217
947
507
323
61
364
513
811
516
872
21
458
193
340
826
362
491
964
585
602
190
795
818
258
530
379
964
846
253
686
301
299
384
371
935
370
337
27
601
504
473
536
915
855
583
19
431
525
355
491
724
960
996
187
446
944
511
169
824
502
74
85
325
116
129
612
669
204
91
631
602
982
436
861
612
817
715
781
999
837
399
506
519
200
325
932
245
429
23
93
631
69
758
308
847
511
517
561
905
626
437
295
470
18
447
113
685
426
67
328
146
527
339
384
555
778
986
221
942
469
23
437
150
391
65
594
106
739
41
8
361
379
824
673
517
692
872
45
359
340
459
162
144
424
254
135
361
874
317
748
740
385
200
282
846
159
224
154
534
773
879
486
657
324
804
856
854
698
776
591
763
23
654
640
947
43
428
970
616
433
384
642
275
693
560
74
156
589
66
790
10
515
539
102
894
305
331
591
827
296
132
2
802
520
825
382
294
541
645
341
985
398
67
477
469
176
571
1000
21
133
934
91
734
558
971
435
895
601
552
777
120
821
359
456
808
514
740
929
730
130
990
459
163
303
285
846
980
254
482
241
38
830
942
436
478
440
54
551
533
830
435
90
124
548
692
215
250
869
813
858
546
953
333
892
532
598
976
521
874
418
734
468
560
963
520
992
918
973
549
937
954
420
989
262
973
492
190
649
592
983
734
75
926
435
120
876
751
129
509
908
869
827
214
813
457
224
23
825
883
237
41
962
368
215
286
702
763
667
503
768
202
855
120
556
896
208
14
329
201
431
41
308
551
89
606
330
92
403
838
866
97
895
6
598
6
629
834
405
95
237
11
18
733
605
47
855
861
230
783
165
329
712
632
802
692
918
6
264
578
919
119
867
368
336
922
200
364
254
894
475
195
798
183
770
593
747
963
125
499
541
322
197
141
890
4
293
841
499
194
327
247
404
811
41
781
911
674
56
852
373
178
380
141
569
415
689
40
316
490
833
395
968
948
672
23
501
429
945
644
313
775
924
653
397
340
768
63
725
683
378
159
987
66
421
672
785
187
562
14
121
369
715
957
505
764
849
311
928
516
909
827
728
23
630
901
688
417
847
41
582
800
453
297
506
659
309
749
538
241
771
746
235
990
438
970
649
377
810
475
99
520
656
308
153
219
895
84
668
753
223
449
133
991
694
283
654
9
575
680
55
869
528
542
565
409
771
392
2
113
615
227
968
657
732
408
692
834
574
770
987
8
682
454
139
555
1
853
557
649
182
315
260
513
805
329
666
920
969
16
130
79
570
841
828
520
955
291
157
199
691
999
933
124
182
715
79
840
713
753
88
931
992
604
904
265
544
857
245
611
221
394
883
488
322
562
395
379
459
981
291
353
375
278
842
254
427
982
857
796
129
982
408
561
974
108
21
16
261
324
56
94
455
943
877
616
809
502
300
975
743
59
696
43
406
53
979
486
992
452
476
231
294
943
389
674
876
785
36
867
606
239
705
35
912
453
256
848
319
220
689
816
234
994
915
899
801
442
11
350
717
449
469
276
491
608
545
642
461
296
345
268
976
968
880
747
602
168
481
183
119
933
787
668
898
868
220
992
149
89
18
152
683
591
912
511
166
29
649
476
565
613
84
951
662
264
510
696
326
595
149
877
424
787
276
890
481
349
200
848
31
6
424
132
929
748
971
195
736
529
706
275
123
976
819
84
953
660
619
119
559
744
153
674
234
467
634
215
861
804
249
818
296
67
12
869
613
14
556
494
722
994
144
286
153
586
626
88
129
430
335
21
56
391
431
458
10
728
991
469
548
959
725
12
509
1
186
150
713
3
533
623
879
406
283
261
883
450
157
659
71
754
771
426
923
114
192
24
475
56
635
626
702
532
299
976
644
67
393
850
72
537
205
452
766
79
415
57
532
737
513
582
791
28
805
913
781
808
984
406
306
709
791
1
280
366
223
340
935
721
396
951
530
269
428
395
340
444
684
554
210
372
689
962
900
958
704
86
229
794
630
765
568
682
648
294
731
109
721
868
959
371
984
501
469
105
552
382
795
496
316
666
469
207
573
596
747
484
319
774
757
291
712
339
403
217
186
582
945
249
157
212
887
52
593
735
615
526
97
241
499
512
129
633
297
598
675
435
135
470
379
665
548
734
803
455
203
336
685
193
596
287
496
41
219
366
328
488
464
841
273
31
16
51
449
111
920
810
855
91
636
780
728
116
951
79
637
509
430
893
227
888
648
162
892
374
76
791
823
276
863
735
282
505
695
668
538
916
134
46
460
866
770
411
846
647
31
521
267
620
941
163
748
742
915
21
109
37
489
231
387
890
433
497
990
438
550
812
347
855
975
824
666
174
92
343
388
135
376
100
358
920
554
109
91
613
472
417
521
82
236
986
829
40
502
605
581
632
764
175
966
47
812
379
626
625
480
529
922
89
409
737
890
719
741
467
658
1
858
937
54
977
365
580
757
436
492
480
889
21
448
356
913
788
12
66
776
841
288
501
579
721
702
422
727
280
946
383
55
799
850
659
23
310
693
549
251
76
542
868
655
345
423
73
257
770
366
433
71
160
83
694
663
299
48
329
94
474
603
412
587
908
796
989
495
729
930
583
458
916
325
39
213
187
376
436
60
226
403
168
76
845
545
615
311
159
667
719
159
435
27
485
812
660
759
902
130
520
998
740
524
971
250
818
879
806
952
110
748
856
148
952
129
818
171
274
275
545
88
283
695
314
393
305
732
653
698
53
32
322
802
642
343
582
943
320
461
483
964
30
395
930
225
465
971
224
930
599
467
177
309
56
476
213
930
537
285
537
81
563
10
523
443
296
130
51
212
472
935
801
500
508
99
241
427
792
709
216
955
800
434
982
149
927
912
958
510
576
457
209
767
102
372
243
253
784
861
359
867
612
506
217
209
461
754
217
628
832
420
534
539
437
788
761
908
875
945
419
800
793
660
422
289
654
938
453
902
89
759
503
393
926
889
531
790
708
952
208
814
581
763
517
800
739
643
151
685
912
799
865
600
215
509
541
721
183
362
959
114
387
474
708
748
243
453
865
503
611
474
638
113
506
375
817
649
831
114
58
626
749
550
162
684
300
316
503
482
920
977
584
526
230
229
799
568
590
153
934
2
637
621
448
285
645
204
88
937
107
540
200
548
201
384
656
300
899
193
409
992
685
21
672
278
723
898
540
565
421
718
543
821
634
173
697
379
218
85
465
192
464
678
285
893
950
863
812
503
140
574
356
671
143
446
817
761
512
445
914
519
151
241
145
726
1000
733
301
705
379
409
783
303
78
704
350
558
915
919
261
448
509
977
916
712
56
282
987
813
658
336
638
318
893
892
460
665
867
726
928
831
22
440
558
318
113
699
875
475
294
992
542
139
329
484
384
646
99
313
921
474
594
676
574
801
744
984
709
853
917
797
945
260
778
875
92
542
562
455
740
20
792
563
393
625
223
36
430
536
887
788
588
348
817
884
380
428
310
490
966
499
231
832
675
219
188
344
449
942
554
890
488
636
647
867
275
605
825
43
658
571
981
489
407
601
469
311
974
242
797
809
832
918
648
524
924
830
387
527
65
611
923
568
642
975
487
945
291
853
421
226
249
692
944
334
397
781
637
427
207
559
394
912
20
73
222
971
82
60
961
727
92
311
791
159
567
393
513
834
884
772
797
276
690
135
490
635
666
488
438
902
54
207
127
19
1
526
104
72
246
335
64
930
397
764
760
630
110
369
572
205
571
189
251
251
847
534
647
313
526
463
2
993
445
454
329
637
262
507
193
860
715
837
122
726
564
66
881
340
15
594
732
642
749
365
685
91
12
276
26
679
976
148
83
757
503
142
743
699
92
221
293
511
569
742
711
915
635
681
156
525
454
662
238
585
870
622
28
505
196
477
257
43
431
856
329
921
667
339
432
979
277
523
669
41
91
19
197
943
151
839
199
789
852
453
123
957
739
140
427
592
46
256
473
23
113
324
327
212
72
216
551
745
961
103
148
802
877
301
24
708
338
277
695
241
776
377
841
524
517
129
819
298
27
575
377
582
514
803
739
937
712
737
135
983
401
770
338
507
386
149
457
835
213
580
680
927
982
915
450
902
54
556
775
100
102
793
83
443
743
167
350
546
470
875
849
945
71
14
400
199
892
687
270
807
840
423
900
834
107
530
452
993
902
273
242
740
600
50
753
478
778
848
932
500
383
643
565
445
350
665
213
531
732
264
661
182
574
12
453
823
826
306
911
210
999
347
37
959
508
692
403
413
59
932
837
334
451
349
491
937
70
844
952
21
550
757
880
484
207
773
254
408
591
601
243
564
120
871
493
753
297
81
724
719
543
869
139
25
345
521
654
768
552
170
489
168
636
309
11
583
254
550
369
124
460
294
552
210
273
970
240
169
739
316
268
930
30
858
990
23
372
863
916
382
447
19
570
124
359
78
261
577
808
558
990
468
456
986
550
64
826
2
601
903
286
962
513
353
594
109
234
33
895
272
369
235
870
947
973
28
673
46
305
196
294
906
607
746
156
505
516
874
117
904
101
974
563
752
288
696
596
819
801
648
635
662
752
620
947
292
197
474
926
653
431
686
685
79
452
306
444
695
104
350
668
627
447
371
922
719
665
591
790
362
42
488
775
377
428
358
552
813
150
714
620
320
94
698
86
74
242
785
853
78
527
108
318
593
602
764
659
982
589
271
413
530
96
853
397
357
184
15
699
434
175
416
399
383
592
113
417
858
393
188
546
228
686
581
562
128
835
685
547
160
517
920
973
920
664
484
893
60
806
478
312
406
331
641
559
304
755
49
48
197
486
582
565
5
260
107
901
793
804
33
50
955
550
236
395
315
302
341
326
671
953
637
623
441
561
606
293
658
358
729
973
43
664
632
657
463
354
745
102
575
352
538
251
778
197
684
911
101
327
813
547
612
445
736
185
244
639
196
12
43
226
52
720
260
776
69
816
107
622
910
892
50
856
894
47
853
207
80
936
997
929
60
221
12
984
290
234
516
68
96
799
686
473
968
464
991
789
281
204
32
791
706
426
239
704
749
163
715
356
234
617
1000
740
772
630
933
53
588
417
854
47
200
692
410
18
379
700
712
468
728
853
75
302
398
572
780
790
189
975
955
3
434
458
240
512
337
914
804
704
554
844
519
318
408
376
878
365
248
757
561
63
791
853
485
314
919
461
610
325
539
123
83
470
478
801
246
986
933
106
289
79
891
477
53
586
565
600
699
71
432
650
74
198
223
781
951
871
920
582
270
595
260
817
395
42
709
112
833
586
66
407
21
730
342
886
972
280
890
417
525
615
915
336
762
967
108
188
433
49
566
775
529
27
299
820
865
524
574
960
947
652
331
763
288
852
504
233
766
630
873
329
413
296
60
420
186
50
88
163
841
511
289
341
170
122
25
127
735
340
31
413
359
774
493
485
589
986
369
397
280
305
223
141
210
1000
898
865
982
332
277
736
121
445
56
158
730
70
776
271
991
999
617
862
830
160
418
216
418
128
591
123
384
589
318
172
531
930
29
714
397
189
350
505
883
34
745
162
687
546
204
317
915
385
699
73
194
838
642
386
607
284
504
169
246
56
603
340
579
774
398
417
930
77
46
219
960
309
893
16
338
198
186
701
869
831
531
579
478
592
447
541
640
139
12
379
270
844
485
874
482
159
655
74
725
506
133
437
162
973
792
56
365
375
752
270
106
468
